0.5;0.5;0.5;0.5;0.5;0.5;0.5;0.5;0.5;0.5;0.5;0.5;0.5;0.5;0.5;0.5;0.5;0.5;0.5;0.5;0.5
0.5;0.5;0.5;0.5;0.5;0.5;0.5;0.5;0.5;0.5;0.5;0.5;0.5;0.5;0.5;0.5;0.5;0.5;0.5;0.5;0.7000000029802322
0.0;0.0;0.0;0.0;0.0;0.0;0.0;0.0;0.0;0.0;0.0;0.0;0.0;0.0;0.0;0.4995943027332864;0.0;0.3113431466821235;0.0;0.0;0.7000000029802322
0.0;0.0;0.0;0.0;0.0;0.0;0.0;0.0;0.0;0.0;0.0;0.0;0.0;0.0;0.0;0.49928422105733317;0.0;0.31212371904260794;0.0;0.0;0.7000000029802322
0.0;0.0;0.0;0.0;0.0;0.0;0.0;0.0;0.0;0.0;0.0;0.0;0.0;0.0;0.0;0.49928422105733317;0.0;0.31212371904260794;0.0;0.0;0.7000000029802322
0.0;0.0;0.0;0.0;0.0;0.0;0.0;0.0;0.0;0.0;0.0;0.0;0.0;0.0;0.0;0.49928422105733317;0.0;0.31212371904260794;0.0;0.0;0.7000000029802322
0.0;0.0;0.0;0.0;0.0;0.0;0.0;0.0;0.0;0.0;0.0;0.0;0.0;0.0;0.0;0.49928422105733317;0.0;0.31212371904260794;0.0;0.0;0.7000000029802322
0.0;0.0;0.0;0.0;0.0;0.0;0.0;0.0;0.0;0.0;0.0;0.0;0.0;0.31474889413792484;0.0;0.0;0.0;0.0;0.0;0.0;0.29999999701976776
0.0;0.0;0.0;0.0;0.0;0.0;0.0;0.0;0.0;0.0;0.0;0.0;0.0;0.31474889413792484;0.0;0.0;0.0;0.0;0.0;0.0;0.29999999701976776
0.0;0.0;0.0;0.0;0.0;0.0;0.0;0.0;0.0;0.0;0.0;0.0;0.0;0.3129293873232457;0.0;0.0;0.0;0.0;0.0;0.0;0.29999999701976776
0.0;0.0;0.0;0.0;0.0;0.0;0.0;0.0;0.0;0.0;0.0;0.0;0.0;0.3129293873232457;0.0;0.0;0.0;0.0;0.0;0.0;0.29999999701976776
0.0;0.0;0.0;0.0;0.0;0.0;0.0;0.0;0.0;0.0;0.0;0.0;0.0;0.31014536643200286;0.0;0.0;0.0;0.0;0.0;0.0;0.29999999701976776
0.0;0.0;0.0;0.0;0.0;0.0;0.0;0.0;0.0;0.0;0.0;0.0;0.0;0.31014536643200286;0.0;0.0;0.0;0.0;0.0;0.0;0.09999999403953552
0.0;0.0;0.0;0.0;0.0;0.0;0.0;0.0;0.0;0.0;0.0;0.0;0.0;0.0;0.40363171047601654;0.0;0.0;0.0;0.0;0.0;0.29999999701976776
0.0;0.0;0.0;0.0;0.0;0.0;0.0;0.0;0.0;0.0;0.0;0.0;0.0;0.0;0.40363171047601654;0.0;0.0;0.0;0.0;0.0;0.29999999701976776
0.0;0.0;0.0;0.0;0.0;0.0;0.0;0.0;0.0;0.0;0.0;0.0;0.0;0.0;0.40363171047601654;0.0;0.0;0.0;0.0;0.0;0.29999999701976776
0.0;0.0;0.0;0.0;0.0;0.0;0.0;0.0;0.0;0.0;0.0;0.0;0.0;0.0;0.40363171047601654;0.0;0.0;0.0;0.0;0.0;0.29999999701976776
0.0;0.0;0.0;0.0;0.0;0.0;0.0;0.0;0.0;0.0;0.0;0.0;0.0;0.0;0.0;0.0;0.0;0.311993150659728;0.0;0.0;0.29999999701976776
